graph {
  A [pos="0,3!",shape=circle]
  B [pos="1,5!",shape=circle]
  C [pos="4,5!",shape=circle]
  D [pos="5,3!",shape=circle]
  E [pos="4,1!",shape=circle]
  F [pos="1,1!",shape=circle]
  A -- B [label="12"]
  B -- C [label="9"]
  C -- D [label="39"]
  D -- E [label="14"]
  E -- A [label="20"]
  A -- D [label="7"]
  D -- B [label="5"]
  B -- E [label="6"]
  E -- F [label="11"]
  F -- A [label="3"]
}
    0    12     0     7    20     3 
   12     0     9     5     6     0 
    0     9     0    39     0     0 
    7     5    39     0    14     0 
   20     6     0    14     0    11 
    3     0     0     0    11     0 
 12   0   0   0  20   7   0   0   0   3 
 12   9   0   0   0   0   5   6   0   0 
  0   9  39   0   0   0   0   0   0   0 
  0   0  39  14   0   7   5   0   0   0 
  0   0   0  14  20   0   0   6  11   0 
  0   0   0   0   0   0   0   0  11   3 
  0   0   0   0   0   0   0   0   0   0 
  0   0   0   0   0   0   0   0   0   0 
  0   0   0   0   0   0   0   0   0   0 
  0   0   0   0   0   0   0   0   0   0 
0 1 12
1 2 9
2 3 39
3 4 14
4 0 20
0 3 7
3 1 5
1 4 6
4 5 11
5 0 3
  0  12  21   7  14   3 

 --   0   1   0   5   0 
  0  12  21   7  14   3 
 12   0   9   5   6  15 
 21   9   0  14  15  24 
  7   5  14   0  11  10 
 14   6  15  11   0  11 
  3  15  24  10  11   0 

 --   0   1   0   5   0 
  1  --   1   1   1   0 
  1   2  --   1   1   0 
  3   3   1  --   1   0 
  5   4   1   1  --   4 
  5   0   1   0   5  -- 
